6
60
0 Git 0
1 Linux 1
2 BitKeeper 1
3 CVS 1
4 Mercurial 1
5 Subversion 1
6 GNU 2
7 Software 2
8 Ubuntu 2
9 Unix 2
10 GNOME 2
11 Software proprietário 2
12 SVN 2
13 Licença Apache 2
14 Site 2
15 Programador 2
16 NetBeans 2
17 2006 2
18 2004 2
19 WebDAV 2
20 Mac OS X 2
21 GNU/Linux 3
22 Debian 3
23 Licença livre 3
24 Projeto GNU 3
25 GNU General Public License 3
26 Computador 3
27 Hardware 3
28 Processador 3
29 PHP 3
30 BIOS 3
31 DVD 3
32 Servidor 3
33 MATE 3
34 CD 3
35 KDE 3
36 Sistema operacional 3
37 X Window System 3
38 Arquivo 3
39 Ken Thompson 3
40 UNIX 3
41 GTK 3
42 Qt 3
43 GUI 3
44 Xfce 3
45 Python 3
46 WinZip 3
47 RealPlayer 3
48 Antitruste 3
49 FSF 3
50 Richard Stallman 3
51 2009 3
52 2008 3
53 TCP/IP 3
54 TortoiseSVN 3
55 2005 3
56 Apache Software Foundation 3
57 Pix 3
58 TypeScript 3
59 Android 3
363
0 1 33
0 2 27
0 3 18
0 4 9
0 5 8
0 29 6
0 43 4
0 38 4
0 9 3
0 53 3
0 10 3
0 22 3
0 16 3
0 59 3
0 35 3
0 44 3
0 42 3
0 25 2
0 11 1
1 6 75
1 7 39
1 8 35
1 9 28
1 10 23
1 21 20
1 35 16
1 33 12
1 22 9
1 24 9
1 44 8
1 38 6
1 25 6
1 36 4
1 49 4
1 59 3
1 40 3
1 32 2
1 11 2
1 39 2
1 15 2
1 23 1
2 11 4
2 12 3
2 3 3
2 13 3
2 14 2
2 15 2
5 16 6
5 17 6
5 18 6
5 3 4
5 19 4
5 20 4
5 51 3
5 52 3
5 53 3
5 54 3
5 55 3
6 1 37
6 21 17
6 9 13
6 22 6
6 23 4
6 24 4
6 25 4
6 36 2
7 26 5
7 27 5
7 28 4
7 29 3
7 30 3
7 32 3
7 36 2
7 13 2
7 25 2
8 22 26
8 31 14
8 10 12
8 32 9
8 33 9
8 34 8
8 35 6
8 44 4
8 20 2
8 27 2
8 36 1
8 11 1
9 36 10
9 1 10
9 37 7
9 38 7
9 39 6
9 40 6
9 35 3
9 20 2
10 41 10
10 35 9
10 33 9
10 42 7
10 43 7
10 44 7
10 45 7
10 22 4
10 8 3
10 37 2
10 24 1
10 11 1
11 7 15
11 22 6
11 46 3
11 47 3
11 48 3
11 49 3
11 50 2
11 27 2
12 16 6
12 17 6
12 18 6
12 3 4
12 19 4
12 20 4
12 51 3
12 52 3
12 53 3
12 54 3
12 55 3
13 56 4
13 18 3
13 57 3
13 58 3
13 59 3
13 11 1
13 25 1
14 32 6
14 29 3
14 7 2
14 14 2
15 26 7
15 7 4
15 45 4
15 29 3
17 18 3
20 9 19
20 36 7
20 32 6
20 26 4
20 43 4
20 40 3
21 1 49
21 6 36
21 8 10
21 9 8
21 24 4
21 22 3
21 10 3
21 36 2
21 50 2
21 27 2
21 23 2
21 25 1
22 6 68
22 44 12
22 35 12
22 10 11
22 21 6
22 32 6
22 25 4
22 33 4
22 30 3
22 50 2
22 11 2
22 24 2
23 6 18
23 25 5
24 6 84
24 9 5
24 3 3
24 49 3
24 25 2
24 36 1
25 6 54
25 1 7
25 24 3
25 23 2
25 15 2
25 27 2
26 34 13
26 30 9
26 31 7
26 36 5
26 7 4
26 15 4
26 27 4
26 28 3
26 32 3
27 7 5
27 31 3
27 34 3
27 30 3
29 55 13
29 41 12
29 7 6
29 1 6
29 17 6
29 51 4
29 18 4
29 25 3
29 52 3
30 30 74
30 7 4
30 34 4
30 1 3
30 36 3
30 27 2
31 34 25
31 7 3
31 6 3
31 1 3
31 36 1
32 27 12
32 7 4
32 9 4
32 1 4
32 26 3
32 14 2
32 36 1
33 22 36
33 10 24
33 6 22
33 35 9
33 44 6
34 31 20
34 18 3
35 42 28
35 21 15
35 0 10
35 10 6
35 41 6
35 22 6
35 20 4
35 44 3
35 33 3
35 24 2
35 25 1
35 11 1
36 1 36
36 9 13
36 36 9
36 59 6
36 8 6
36 7 5
36 20 4
36 27 4
36 30 4
36 26 4
36 22 3
36 39 2
37 9 8
37 1 4
37 43 3
37 36 1
39 40 9
39 36 2
40 36 10
40 1 10
40 37 7
40 38 7
40 39 6
40 40 6
40 35 3
40 20 2
41 10 18
41 42 12
41 6 11
41 43 4
41 33 3
41 44 3
41 35 3
41 8 3
41 45 3
41 11 1
42 35 7
42 1 4
42 29 3
42 59 3
42 10 3
42 41 3
42 37 3
42 45 3
42 25 1
42 11 1
43 1 6
43 9 4
43 44 3
43 35 3
43 21 3
43 37 2
43 20 2
43 7 2
43 26 2
43 36 1
44 1 169
44 41 11
44 10 8
44 22 6
44 35 4
44 33 3
44 9 3
44 45 3
44 37 1
44 25 1
45 1 10
45 9 9
45 42 6
45 41 6
45 15 2
45 56 2
45 36 1
45 25 1
46 7 6
46 38 2
47 34 6
47 1 3
47 52 3
47 9 3
47 20 2
47 11 1
49 6 53
49 25 6
49 1 4
49 24 3
49 50 2
50 6 47
50 7 17
50 49 4
50 1 3
50 25 3
50 24 2
50 15 2
50 26 2
50 11 1
50 36 1
52 51 5
52 59 3
53 1 3
53 9 3
53 7 2
53 26 2
53 36 1
54 5 3
54 25 2
55 51 3
58 1 3
59 7 15
59 27 9
59 9 3
59 34 3
59 31 3
59 50 2
59 36 2
59 11 1
59 13 1
59 25 1